 1   1    -69.244255  -68.699147
 1   2    -69.553009  -68.965742
 1   3    -70.354785  -69.290561
 1   4    -70.961324  -69.402923
 1   5    -70.972089  -69.341317
 1   6    -70.380791  -69.196443
 1   7    -69.463631  -69.044770
 1   8    -68.648006  -68.936625
 1   9    -68.323519  -68.898065
 1  10    -68.648006  -68.936625
 1  11    -69.463631  -69.044770
 1  12    -70.380791  -69.196443
 1  13    -70.972089  -69.341317
 1  14    -70.961324  -69.402923
 1  15    -70.354785  -69.290561
 1  16    -69.553009  -68.965742

 2   1    -69.553009  -68.965742
 2   2    -69.553009  -68.965742
 2   3    -70.132089  -69.220988
 2   4    -70.803867  -69.379515
 2   5    -71.037504  -69.360181
 2   6    -70.649641  -69.223454
 2   7    -69.778010  -69.049378
 2   8    -68.791615  -68.901459
 2   9    -68.141158  -68.819053
 2  10    -68.141158  -68.819053
 2  11    -68.791615  -68.901459
 2  12    -69.778010  -69.049378
 2  13    -70.649641  -69.223454
 2  14    -71.037504  -69.360181
 2  15    -70.803867  -69.379515
 2  16    -70.132089  -69.220988

 3   1    -70.354785  -69.290561
 3   2    -70.132089  -69.220988
 3   3    -70.354785  -69.290561
 3   4    -70.803867  -69.379515
 3   5    -71.034555  -69.351748
 3   6    -70.740702  -69.199215
 3   7    -69.891460  -68.980205
 3   8    -68.724268  -68.766092
 3   9    -67.687614  -68.616006
 3  10    -67.268644  -68.562945
 3  11    -67.687614  -68.616006
 3  12    -68.724268  -68.766092
 3  13    -69.891460  -68.980205
 3  14    -70.740702  -69.199215
 3  15    -71.034555  -69.351748
 3  16    -70.803867  -69.379515

 4   1    -70.961324  -69.402923
 4   2    -70.803867  -69.379515
 4   3    -70.803867  -69.379515
 4   4    -70.961324  -69.402923
 4   5    -71.037504  -69.360181
 4   6    -70.740702  -69.199215
 4   7    -69.921086  -68.938847
 4   8    -68.644371  -68.642790
 4   9    -67.220514  -68.393332
 4  10    -66.221351  -68.255973
 4  11    -66.221351  -68.255973
 4  12    -67.220514  -68.393332
 4  13    -68.644371  -68.642790
 4  14    -69.921086  -68.938847
 4  15    -70.740702  -69.199215
 4  16    -71.037504  -69.360181

 5   1    -70.972089  -69.341317
 5   2    -71.037504  -69.360181
 5   3    -71.034555  -69.351748
 5   4    -71.037504  -69.360181
 5   5    -70.972089  -69.341317
 5   6    -70.649641  -69.223454
 5   7    -69.891460  -68.980205
 5   8    -68.644371  -68.642790
 5   9    -67.027320  -68.294610
 5  10    -65.430277  -68.046976
 5  11    -64.690379  -67.965268
 5  12    -65.430277  -68.046976
 5  13    -67.027320  -68.294610
 5  14    -68.644371  -68.642790
 5  15    -69.891460  -68.980205
 5  16    -70.649641  -69.223454

 6   1    -70.380791  -69.196443
 6   2    -70.649641  -69.223454
 6   3    -70.740702  -69.199215
 6   4    -70.740702  -69.199215
 6   5    -70.649641  -69.223454
 6   6    -70.380791  -69.196443
 6   7    -69.778010  -69.049378
 6   8    -68.724268  -68.766092
 6   9    -67.220514  -68.393332
 6  10    -65.430277  -68.046976
 6  11    -63.916165  -67.872109
 6  12    -63.916165  -67.872109
 6  13    -65.430277  -68.046976
 6  14    -67.220514  -68.393332
 6  15    -68.724268  -68.766092
 6  16    -69.778010  -69.049378

 7   1    -69.463631  -69.044770
 7   2    -69.778010  -69.049378
 7   3    -69.891460  -68.980205
 7   4    -69.921086  -68.938847
 7   5    -69.891460  -68.980205
 7   6    -69.778010  -69.049378
 7   7    -69.463631  -69.044770
 7   8    -68.791615  -68.901459
 7   9    -67.687614  -68.616006
 7  10    -66.221351  -68.255973
 7  11    -64.690379  -67.965268
 7  12    -63.916165  -67.872109
 7  13    -64.690379  -67.965268
 7  14    -66.221351  -68.255973
 7  15    -67.687614  -68.616006
 7  16    -68.791615  -68.901459

 8   1    -68.648006  -68.936625
 8   2    -68.791615  -68.901459
 8   3    -68.724268  -68.766092
 8   4    -68.644371  -68.642790
 8   5    -68.644371  -68.642790
 8   6    -68.724268  -68.766092
 8   7    -68.791615  -68.901459
 8   8    -68.648006  -68.936625
 8   9    -68.141158  -68.819053
 8  10    -67.268644  -68.562945
 8  11    -66.221351  -68.255973
 8  12    -65.430277  -68.046976
 8  13    -65.430277  -68.046976
 8  14    -66.221351  -68.255973
 8  15    -67.268644  -68.562945
 8  16    -68.141158  -68.819053

 9   1    -68.323519  -68.898065
 9   2    -68.141158  -68.819053
 9   3    -67.687614  -68.616006
 9   4    -67.220514  -68.393332
 9   5    -67.027320  -68.294610
 9   6    -67.220514  -68.393332
 9   7    -67.687614  -68.616006
 9   8    -68.141158  -68.819053
 9   9    -68.323519  -68.898065
 9  10    -68.141158  -68.819053
 9  11    -67.687614  -68.616006
 9  12    -67.220514  -68.393332
 9  13    -67.027320  -68.294610
 9  14    -67.220514  -68.393332
 9  15    -67.687614  -68.616006
 9  16    -68.141158  -68.819053

10   1    -68.648006  -68.936625
10   2    -68.141158  -68.819053
10   3    -67.268644  -68.562945
10   4    -66.221351  -68.255973
10   5    -65.430277  -68.046976
10   6    -65.430277  -68.046976
10   7    -66.221351  -68.255973
10   8    -67.268644  -68.562945
10   9    -68.141158  -68.819053
10  10    -68.648006  -68.936625
10  11    -68.791615  -68.901459
10  12    -68.724268  -68.766092
10  13    -68.644371  -68.642790
10  14    -68.644371  -68.642790
10  15    -68.724268  -68.766092
10  16    -68.791615  -68.901459

11   1    -69.463631  -69.044770
11   2    -68.791615  -68.901459
11   3    -67.687614  -68.616006
11   4    -66.221351  -68.255973
11   5    -64.690379  -67.965268
11   6    -63.916165  -67.872109
11   7    -64.690379  -67.965268
11   8    -66.221351  -68.255973
11   9    -67.687614  -68.616006
11  10    -68.791615  -68.901459
11  11    -69.463631  -69.044770
11  12    -69.778010  -69.049378
11  13    -69.891460  -68.980205
11  14    -69.921086  -68.938847
11  15    -69.891460  -68.980205
11  16    -69.778010  -69.049378

12   1    -70.380791  -69.196443
12   2    -69.778010  -69.049378
12   3    -68.724268  -68.766092
12   4    -67.220514  -68.393332
12   5    -65.430277  -68.046976
12   6    -63.916165  -67.872109
12   7    -63.916165  -67.872109
12   8    -65.430277  -68.046976
12   9    -67.220514  -68.393332
12  10    -68.724268  -68.766092
12  11    -69.778010  -69.049378
12  12    -70.380791  -69.196443
12  13    -70.649641  -69.223454
12  14    -70.740702  -69.199215
12  15    -70.740702  -69.199215
12  16    -70.649641  -69.223454

13   1    -70.972089  -69.341317
13   2    -70.649641  -69.223454
13   3    -69.891460  -68.980205
13   4    -68.644371  -68.642790
13   5    -67.027320  -68.294610
13   6    -65.430277  -68.046976
13   7    -64.690379  -67.965268
13   8    -65.430277  -68.046976
13   9    -67.027320  -68.294610
13  10    -68.644371  -68.642790
13  11    -69.891460  -68.980205
13  12    -70.649641  -69.223454
13  13    -70.972089  -69.341317
13  14    -71.037504  -69.360181
13  15    -71.034555  -69.351748
13  16    -71.037504  -69.360181

14   1    -70.961324  -69.402923
14   2    -71.037504  -69.360181
14   3    -70.740702  -69.199215
14   4    -69.921086  -68.938847
14   5    -68.644371  -68.642790
14   6    -67.220514  -68.393332
14   7    -66.221351  -68.255973
14   8    -66.221351  -68.255973
14   9    -67.220514  -68.393332
14  10    -68.644371  -68.642790
14  11    -69.921086  -68.938847
14  12    -70.740702  -69.199215
14  13    -71.037504  -69.360181
14  14    -70.961324  -69.402923
14  15    -70.803867  -69.379515
14  16    -70.803867  -69.379515

15   1    -70.354785  -69.290561
15   2    -70.803867  -69.379515
15   3    -71.034555  -69.351748
15   4    -70.740702  -69.199215
15   5    -69.891460  -68.980205
15   6    -68.724268  -68.766092
15   7    -67.687614  -68.616006
15   8    -67.268644  -68.562945
15   9    -67.687614  -68.616006
15  10    -68.724268  -68.766092
15  11    -69.891460  -68.980205
15  12    -70.740702  -69.199215
15  13    -71.034555  -69.351748
15  14    -70.803867  -69.379515
15  15    -70.354785  -69.290561
15  16    -70.132089  -69.220988

16   1    -69.553009  -68.965742
16   2    -70.132089  -69.220988
16   3    -70.803867  -69.379515
16   4    -71.037504  -69.360181
16   5    -70.649641  -69.223454
16   6    -69.778010  -69.049378
16   7    -68.791615  -68.901459
16   8    -68.141158  -68.819053
16   9    -68.141158  -68.819053
16  10    -68.791615  -68.901459
16  11    -69.778010  -69.049378
16  12    -70.649641  -69.223454
16  13    -71.037504  -69.360181
16  14    -70.803867  -69.379515
16  15    -70.132089  -69.220988
16  16    -69.553009  -68.965742
  
