          0.0000000          0.0000000          0.0260305
          0.0000000          0.3926991          0.0255653
          0.0000000          0.7853981          0.0250621
          0.0000000          1.1780972          0.0245702
          0.0000000          1.5707963          0.0241869
          0.0000000          1.9634953          0.0240826
          0.0000000          2.3561945          0.0241040
          0.0000000          2.7488935          0.0241414
          0.0000000          3.1415925          0.0241559
          0.0000000          3.5342915          0.0243511
          0.0000000          3.9269905          0.0248002
          0.0000000          4.3196898          0.0252992
          0.0000000          4.7123890          0.0258034
          0.0000000          5.1050878          0.0262258
          0.0000000          5.4977870          0.0264359
          0.0000000          5.8904858          0.0263567
          0.3926991          0.0000000          0.0247302
          0.3926991          0.3926991          0.0243403
          0.3926991          0.7853981          0.0241186
          0.3926991          1.1780972          0.0240612
          0.3926991          1.5707963          0.0241112
          0.3926991          1.9634953          0.0242149
          0.3926991          2.3561945          0.0242708
          0.3926991          2.7488935          0.0244911
          0.3926991          3.1415925          0.0249066
          0.3926991          3.5342915          0.0253846
          0.3926991          3.9269905          0.0258394
          0.3926991          4.3196898          0.0261437
          0.3926991          4.7123890          0.0261977
          0.3926991          5.1050878          0.0260050
          0.3926991          5.4977870          0.0256374
          0.3926991          5.8904858          0.0251858
          0.7853981          0.0000000          0.0240682
          0.7853981          0.3926991          0.0240728
          0.7853981          0.7853981          0.0241962
          0.7853981          1.1780972          0.0242658
          0.7853981          1.5707963          0.0243158
          0.7853981          1.9634953          0.0245434
          0.7853981          2.3561945          0.0249108
          0.7853981          2.7488935          0.0253208
          0.7853981          3.1415925          0.0256576
          0.7853981          3.5342915          0.0258098
          0.7853981          3.9269905          0.0257480
          0.7853981          4.3196898          0.0255081
          0.7853981          4.7123890          0.0251563
          0.7853981          5.1050878          0.0247735
          0.7853981          5.4977870          0.0244351
          0.7853981          5.8904858          0.0241970
          1.1780972          0.0000000          0.0242640
          1.1780972          0.3926991          0.0242393
          1.1780972          0.7853981          0.0243027
          1.1780972          1.1780972          0.0245111
          1.1780972          1.5707963          0.0248116
          1.1780972          1.9634953          0.0251189
          1.1780972          2.3561945          0.0253165
          1.1780972          2.7488935          0.0253491
          1.1780972          3.1415925          0.0252271
          1.1780972          3.5342915          0.0249897
          1.1780972          3.9269905          0.0246980
          1.1780972          4.3196898          0.0244262
          1.1780972          4.7123890          0.0242293
          1.1780972          5.1050878          0.0240778
          1.1780972          5.4977870          0.0240473
          1.1780972          5.8904858          0.0241842
          1.5707963          0.0000000          0.0242474
          1.5707963          0.3926991          0.0243990
          1.5707963          0.7853981          0.0246340
          1.5707963          1.1780972          0.0248439
          1.5707963          1.5707963          0.0249299
          1.5707963          1.9634953          0.0248888
          1.5707963          2.3561945          0.0247483
          1.5707963          2.7488935          0.0245445
          1.5707963          3.1415925          0.0243232
          1.5707963          3.5342915          0.0241569
          1.5707963          3.9269905          0.0240272
          1.5707963          4.3196898          0.0240079
          1.5707963          4.7123890          0.0242278
          1.5707963          5.1050878          0.0242831
          1.5707963          5.4977870          0.0242139
          1.5707963          5.8904858          0.0241836
          1.9634953          0.0000000          0.0244424
          1.9634953          0.3926991          0.0245847
          1.9634953          0.7853981          0.0245891
          1.9634953          1.1780972          0.0245119
          1.9634953          1.5707963          0.0243869
          1.9634953          1.9634953          0.0242487
          1.9634953          2.3561945          0.0241232
          1.9634953          2.7488935          0.0239609
          1.9634953          3.1415925          0.0238650
          1.9634953          3.5342915          0.0241930
          1.9634953          3.9269905          0.0242264
          1.9634953          4.3196898          0.0241758
          1.9634953          4.7123890          0.0241469
          1.9634953          5.1050878          0.0241444
          1.9634953          5.4977870          0.0241632
          1.9634953          5.8904858          0.0242479
          2.3561945          0.0000000          0.0243016
          2.3561945          0.3926991          0.0242309
          2.3561945          0.7853981          0.0241380
          2.3561945          1.1780972          0.0240496
          2.3561945          1.5707963          0.0239847
          2.3561945          1.9634953          0.0239688
          2.3561945          2.3561945          0.0240226
          2.3561945          2.7488935          0.0240831
          2.3561945          3.1415925          0.0241115
          2.3561945          3.5342915          0.0241156
          2.3561945          3.9269905          0.0241085
          2.3561945          4.3196898          0.0241055
          2.3561945          4.7123890          0.0241240
          2.3561945          5.1050878          0.0241889
          2.3561945          5.4977870          0.0242846
          2.3561945          5.8904858          0.0243286
          2.7488935          0.0000000          0.0239963
          2.7488935          0.3926991          0.0239679
          2.7488935          0.7853981          0.0239768
          2.7488935          1.1780972          0.0240127
          2.7488935          1.5707963          0.0240561
          2.7488935          1.9634953          0.0240921
          2.7488935          2.3561945          0.0241082
          2.7488935          2.7488935          0.0241010
          2.7488935          3.1415925          0.0240839
          2.7488935          3.5342915          0.0240821
          2.7488935          3.9269905          0.0241098
          2.7488935          4.3196898          0.0241471
          2.7488935          4.7123890          0.0241615
          2.7488935          5.1050878          0.0241448
          2.7488935          5.4977870          0.0241045
          2.7488935          5.8904858          0.0240495
          3.1415925          0.0000000          0.0240495
          3.1415925          0.3926991          0.0241045
          3.1415925          0.7853981          0.0241448
          3.1415925          1.1780972          0.0241615
          3.1415925          1.5707963          0.0241471
          3.1415925          1.9634953          0.0241098
          3.1415925          2.3561945          0.0240821
          3.1415925          2.7488935          0.0240839
          3.1415925          3.1415925          0.0241010
          3.1415925          3.5342915          0.0241082
          3.1415925          3.9269905          0.0240921
          3.1415925          4.3196898          0.0240561
          3.1415925          4.7123890          0.0240127
          3.1415925          5.1050878          0.0239768
          3.1415925          5.4977870          0.0239679
          3.1415925          5.8904858          0.0239963
          3.5342915          0.0000000          0.0243286
          3.5342915          0.3926991          0.0242846
          3.5342915          0.7853981          0.0241889
          3.5342915          1.1780972          0.0241240
          3.5342915          1.5707963          0.0241055
          3.5342915          1.9634953          0.0241085
          3.5342915          2.3561945          0.0241156
          3.5342915          2.7488935          0.0241115
          3.5342915          3.1415925          0.0240831
          3.5342915          3.5342915          0.0240226
          3.5342915          3.9269905          0.0239688
          3.5342915          4.3196898          0.0239847
          3.5342915          4.7123890          0.0240496
          3.5342915          5.1050878          0.0241380
          3.5342915          5.4977870          0.0242309
          3.5342915          5.8904858          0.0243016
          3.9269905          0.0000000          0.0242479
          3.9269905          0.3926991          0.0241632
          3.9269905          0.7853981          0.0241444
          3.9269905          1.1780972          0.0241469
          3.9269905          1.5707963          0.0241758
          3.9269905          1.9634953          0.0242264
          3.9269905          2.3561945          0.0241930
          3.9269905          2.7488935          0.0238650
          3.9269905          3.1415925          0.0239609
          3.9269905          3.5342915          0.0241232
          3.9269905          3.9269905          0.0242488
          3.9269905          4.3196898          0.0243869
          3.9269905          4.7123890          0.0245119
          3.9269905          5.1050878          0.0245891
          3.9269905          5.4977870          0.0245847
          3.9269905          5.8904858          0.0244424
          4.3196898          0.0000000          0.0241836
          4.3196898          0.3926991          0.0242139
          4.3196898          0.7853981          0.0242831
          4.3196898          1.1780972          0.0242278
          4.3196898          1.5707963          0.0240079
          4.3196898          1.9634953          0.0240272
          4.3196898          2.3561945          0.0241569
          4.3196898          2.7488935          0.0243232
          4.3196898          3.1415925          0.0245445
          4.3196898          3.5342915          0.0247483
          4.3196898          3.9269905          0.0248888
          4.3196898          4.3196898          0.0249299
          4.3196898          4.7123890          0.0248439
          4.3196898          5.1050878          0.0246341
          4.3196898          5.4977870          0.0243990
          4.3196898          5.8904858          0.0242474
          4.7123890          0.0000000          0.0241842
          4.7123890          0.3926991          0.0240473
          4.7123890          0.7853981          0.0240778
          4.7123890          1.1780972          0.0242293
          4.7123890          1.5707963          0.0244262
          4.7123890          1.9634953          0.0246980
          4.7123890          2.3561945          0.0249897
          4.7123890          2.7488935          0.0252271
          4.7123890          3.1415925          0.0253491
          4.7123890          3.5342915          0.0253166
          4.7123890          3.9269905          0.0251189
          4.7123890          4.3196898          0.0248116
          4.7123890          4.7123890          0.0245111
          4.7123890          5.1050878          0.0243027
          4.7123890          5.4977870          0.0242393
          4.7123890          5.8904858          0.0242640
          5.1050878          0.0000000          0.0241970
          5.1050878          0.3926991          0.0244351
          5.1050878          0.7853981          0.0247735
          5.1050878          1.1780972          0.0251563
          5.1050878          1.5707963          0.0255081
          5.1050878          1.9634953          0.0257480
          5.1050878          2.3561945          0.0258098
          5.1050878          2.7488935          0.0256576
          5.1050878          3.1415925          0.0253208
          5.1050878          3.5342915          0.0249108
          5.1050878          3.9269905          0.0245434
          5.1050878          4.3196898          0.0243158
          5.1050878          4.7123890          0.0242658
          5.1050878          5.1050878          0.0241962
          5.1050878          5.4977870          0.0240728
          5.1050878          5.8904858          0.0240682
          5.4977870          0.0000000          0.0251858
          5.4977870          0.3926991          0.0256374
          5.4977870          0.7853981          0.0260050
          5.4977870          1.1780972          0.0261977
          5.4977870          1.5707963          0.0261437
          5.4977870          1.9634953          0.0258394
          5.4977870          2.3561945          0.0253846
          5.4977870          2.7488935          0.0249066
          5.4977870          3.1415925          0.0244911
          5.4977870          3.5342915          0.0242708
          5.4977870          3.9269905          0.0242149
          5.4977870          4.3196898          0.0241112
          5.4977870          4.7123890          0.0240612
          5.4977870          5.1050878          0.0241186
          5.4977870          5.4977870          0.0243403
          5.4977870          5.8904858          0.0247302
          5.8904858          0.0000000          0.0263567
          5.8904858          0.3926991          0.0264359
          5.8904858          0.7853981          0.0262258
          5.8904858          1.1780972          0.0258034
          5.8904858          1.5707963          0.0252992
          5.8904858          1.9634953          0.0248002
          5.8904858          2.3561945          0.0243511
          5.8904858          2.7488935          0.0241559
          5.8904858          3.1415925          0.0241414
          5.8904858          3.5342915          0.0241040
          5.8904858          3.9269905          0.0240826
          5.8904858          4.3196898          0.0241869
          5.8904858          4.7123890          0.0245702
          5.8904858          5.1050878          0.0250621
          5.8904858          5.4977870          0.0255653
          5.8904858          5.8904858          0.0260305
